{
    "formaalsus_ilma": 0.20512820512820512,
    "formaalsus_kaalud": 0.11844417573559052,
    "formaalsus_kaalud_sujuv": 0.14879699248120304,
    "spontaansus_ilma": 0.005084745762711895,
    "spontaansus_kaalud": 0.07600877192982453,
    "spontaansus_kaalud_sujuv": 0.035222672064777305
}