{
    "formaalsus_ilma": 0.23846153846153845,
    "formaalsus_kaalud": 0.15177750906892384,
    "formaalsus_kaalud_sujuv": 0.18213032581453636,
    "spontaansus_ilma": 0.055084745762711884,
    "spontaansus_kaalud": 0.12600877192982451,
    "spontaansus_kaalud_sujuv": 0.0852226720647773
}