{
    "formaalsus_ilma": 0.024871794871794917,
    "formaalsus_kaalud": 0.11155582426440952,
    "formaalsus_kaalud_sujuv": 0.081203007518797,
    "spontaansus_ilma": 0.055084745762711884,
    "spontaansus_kaalud": 0.12600877192982451,
    "spontaansus_kaalud_sujuv": 0.0852226720647773
}