{
    "formaalsus_ilma": 0.09512820512820508,
    "formaalsus_kaalud": 0.008444175735590476,
    "formaalsus_kaalud_sujuv": 0.038796992481202996,
    "spontaansus_ilma": 0.1115819209039548,
    "spontaansus_kaalud": 0.04065789473684217,
    "spontaansus_kaalud_sujuv": 0.08144399460188939
}