{
    "formaalsus_ilma": 0.28846153846153844,
    "formaalsus_kaalud": 0.20177750906892383,
    "formaalsus_kaalud_sujuv": 0.23213032581453635,
    "spontaansus_ilma": 0.13841807909604523,
    "spontaansus_kaalud": 0.20934210526315786,
    "spontaansus_kaalud_sujuv": 0.16855600539811064
}