{
    "formaalsus_ilma": 0.07153846153846155,
    "formaalsus_kaalud": 0.15822249093107615,
    "formaalsus_kaalud_sujuv": 0.12786967418546363,
    "spontaansus_ilma": 0.13841807909604523,
    "spontaansus_kaalud": 0.20934210526315786,
    "spontaansus_kaalud_sujuv": 0.16855600539811064
}