{
    "formaalsus_ilma": 0.038461538461538436,
    "formaalsus_kaalud": 0.04822249093107617,
    "formaalsus_kaalud_sujuv": 0.017869674185463646,
    "spontaansus_ilma": 0.02824858757062143,
    "spontaansus_kaalud": 0.0426754385964912,
    "spontaansus_kaalud_sujuv": 0.0018893387314439791
}