{
    "formaalsus_ilma": 0.2548717948717949,
    "formaalsus_kaalud": 0.3415558242644095,
    "formaalsus_kaalud_sujuv": 0.311203007518797,
    "spontaansus_ilma": 0.3050847457627119,
    "spontaansus_kaalud": 0.3760087719298245,
    "spontaansus_kaalud_sujuv": 0.3352226720647773
}