{
    "formaalsus_ilma": 0.09512820512820508,
    "formaalsus_kaalud": 0.008444175735590476,
    "formaalsus_kaalud_sujuv": 0.038796992481202996,
    "spontaansus_ilma": 0.07491525423728812,
    "spontaansus_kaalud": 0.00399122807017549,
    "spontaansus_kaalud_sujuv": 0.04477732793522271
}