{
    "formaalsus_ilma": 0.5384615384615384,
    "formaalsus_kaalud": 0.45177750906892383,
    "formaalsus_kaalud_sujuv": 0.48213032581453635,
    "spontaansus_ilma": 0.21824858757062143,
    "spontaansus_kaalud": 0.1473245614035088,
    "spontaansus_kaalud_sujuv": 0.18811066126855602
}