{
    "formaalsus_ilma": 0.3717948717948718,
    "formaalsus_kaalud": 0.28511084240225715,
    "formaalsus_kaalud_sujuv": 0.31546365914786967,
    "spontaansus_ilma": 0.12491525423728811,
    "spontaansus_kaalud": 0.05399122807017548,
    "spontaansus_kaalud_sujuv": 0.0947773279352227
}