{
    "formaalsus_ilma": 0.10512820512820509,
    "formaalsus_kaalud": 0.018444175735590485,
    "formaalsus_kaalud_sujuv": 0.048796992481203005,
    "spontaansus_ilma": 0.02824858757062143,
    "spontaansus_kaalud": 0.0426754385964912,
    "spontaansus_kaalud_sujuv": 0.0018893387314439791
}