{
    "formaalsus_ilma": 0.07153846153846155,
    "formaalsus_kaalud": 0.15822249093107615,
    "formaalsus_kaalud_sujuv": 0.12786967418546363,
    "spontaansus_ilma": 0.36158192090395475,
    "spontaansus_kaalud": 0.2906578947368421,
    "spontaansus_kaalud_sujuv": 0.33144399460188934
}