{
    "formaalsus_ilma": 0.28846153846153844,
    "formaalsus_kaalud": 0.20177750906892383,
    "formaalsus_kaalud_sujuv": 0.23213032581453635,
    "spontaansus_ilma": 0.3215819209039547,
    "spontaansus_kaalud": 0.2506578947368421,
    "spontaansus_kaalud_sujuv": 0.2914439946018893
}