{
    "formaalsus_ilma": 0.30512820512820515,
    "formaalsus_kaalud": 0.21844417573559052,
    "formaalsus_kaalud_sujuv": 0.24879699248120304,
    "spontaansus_ilma": 0.2949152542372881,
    "spontaansus_kaalud": 0.22399122807017546,
    "spontaansus_kaalud_sujuv": 0.2647773279352227
}