{
    "formaalsus_ilma": 0.3451282051282051,
    "formaalsus_kaalud": 0.25844417573559053,
    "formaalsus_kaalud_sujuv": 0.28879699248120305,
    "spontaansus_ilma": 0.03841807909604522,
    "spontaansus_kaalud": 0.10934210526315785,
    "spontaansus_kaalud_sujuv": 0.06855600539811063
}