{
    "formaalsus_ilma": 0.1282051282051282,
    "formaalsus_kaalud": 0.2148891575977428,
    "formaalsus_kaalud_sujuv": 0.18453634085213028,
    "spontaansus_ilma": 0.02824858757062143,
    "spontaansus_kaalud": 0.0426754385964912,
    "spontaansus_kaalud_sujuv": 0.0018893387314439791
}