{
    "formaalsus_ilma": 0.24512820512820516,
    "formaalsus_kaalud": 0.15844417573559055,
    "formaalsus_kaalud_sujuv": 0.18879699248120307,
    "spontaansus_ilma": 0.028418079096045157,
    "spontaansus_kaalud": 0.09934210526315779,
    "spontaansus_kaalud_sujuv": 0.05855600539811057
}