{
    "formaalsus_ilma": 0.2615384615384615,
    "formaalsus_kaalud": 0.3482224909310761,
    "formaalsus_kaalud_sujuv": 0.3178696741854636,
    "spontaansus_ilma": 0.055084745762711884,
    "spontaansus_kaalud": 0.12600877192982451,
    "spontaansus_kaalud_sujuv": 0.0852226720647773
}