{
    "formaalsus_ilma": 0.3384615384615384,
    "formaalsus_kaalud": 0.2517775090689238,
    "formaalsus_kaalud_sujuv": 0.28213032581453634,
    "spontaansus_ilma": 0.5282485875706215,
    "spontaansus_kaalud": 0.45732456140350886,
    "spontaansus_kaalud_sujuv": 0.4981106612685561
}