{
    "formaalsus_ilma": 0.08846153846153842,
    "formaalsus_kaalud": 0.0017775090689238215,
    "formaalsus_kaalud_sujuv": 0.03213032581453634,
    "spontaansus_ilma": 0.13841807909604523,
    "spontaansus_kaalud": 0.20934210526315786,
    "spontaansus_kaalud_sujuv": 0.16855600539811064
}