{
    "formaalsus_ilma": 0.06153846153846154,
    "formaalsus_kaalud": 0.14822249093107615,
    "formaalsus_kaalud_sujuv": 0.11786967418546362,
    "spontaansus_ilma": 0.07175141242937857,
    "spontaansus_kaalud": 0.1426754385964912,
    "spontaansus_kaalud_sujuv": 0.10188933873144398
}