{
    "formaalsus_ilma": 0.20512820512820512,
    "formaalsus_kaalud": 0.11844417573559052,
    "formaalsus_kaalud_sujuv": 0.14879699248120304,
    "spontaansus_ilma": 0.36158192090395475,
    "spontaansus_kaalud": 0.2906578947368421,
    "spontaansus_kaalud_sujuv": 0.33144399460188934
}