{
    "formaalsus_ilma": 0.07846153846153842,
    "formaalsus_kaalud": 0.008222490931076187,
    "formaalsus_kaalud_sujuv": 0.022130325814536334,
    "spontaansus_ilma": 0.25158192090395476,
    "spontaansus_kaalud": 0.18065789473684213,
    "spontaansus_kaalud_sujuv": 0.22144399460188935
}