{
    "formaalsus_ilma": 0.17820512820512824,
    "formaalsus_kaalud": 0.26488915759774284,
    "formaalsus_kaalud_sujuv": 0.23453634085213032,
    "spontaansus_ilma": 0.13841807909604523,
    "spontaansus_kaalud": 0.20934210526315786,
    "spontaansus_kaalud_sujuv": 0.16855600539811064
}