{
    "formaalsus_ilma": 0.044871794871794934,
    "formaalsus_kaalud": 0.13155582426440954,
    "formaalsus_kaalud_sujuv": 0.10120300751879702,
    "spontaansus_ilma": 0.3050847457627119,
    "spontaansus_kaalud": 0.3760087719298245,
    "spontaansus_kaalud_sujuv": 0.3352226720647773
}