{
    "formaalsus_ilma": 0.3017948717948718,
    "formaalsus_kaalud": 0.2151108424022572,
    "formaalsus_kaalud_sujuv": 0.24546365914786972,
    "spontaansus_ilma": 0.008248587570621413,
    "spontaansus_kaalud": 0.06267543859649122,
    "spontaansus_kaalud_sujuv": 0.021889338731443997
}