{
    "formaalsus_ilma": 0.10512820512820509,
    "formaalsus_kaalud": 0.018444175735590485,
    "formaalsus_kaalud_sujuv": 0.048796992481203005,
    "spontaansus_ilma": 0.011751412429378605,
    "spontaansus_kaalud": 0.08267543859649124,
    "spontaansus_kaalud_sujuv": 0.041889338731444015
}