{
    "formaalsus_ilma": 0.18512820512820516,
    "formaalsus_kaalud": 0.09844417573559056,
    "formaalsus_kaalud_sujuv": 0.12879699248120308,
    "spontaansus_ilma": 0.36158192090395475,
    "spontaansus_kaalud": 0.2906578947368421,
    "spontaansus_kaalud_sujuv": 0.33144399460188934
}