{
    "formaalsus_ilma": 0.05487179487179494,
    "formaalsus_kaalud": 0.14155582426440955,
    "formaalsus_kaalud_sujuv": 0.11120300751879703,
    "spontaansus_ilma": 0.3050847457627119,
    "spontaansus_kaalud": 0.3760087719298245,
    "spontaansus_kaalud_sujuv": 0.3352226720647773
}