{
    "formaalsus_ilma": 0.28846153846153844,
    "formaalsus_kaalud": 0.20177750906892383,
    "formaalsus_kaalud_sujuv": 0.23213032581453635,
    "spontaansus_ilma": 0.011751412429378605,
    "spontaansus_kaalud": 0.08267543859649124,
    "spontaansus_kaalud_sujuv": 0.041889338731444015
}