{
    "formaalsus_ilma": 0.1384615384615384,
    "formaalsus_kaalud": 0.05177750906892381,
    "formaalsus_kaalud_sujuv": 0.08213032581453633,
    "spontaansus_ilma": 0.3050847457627119,
    "spontaansus_kaalud": 0.3760087719298245,
    "spontaansus_kaalud_sujuv": 0.3352226720647773
}