{
    "formaalsus_ilma": 0.24512820512820516,
    "formaalsus_kaalud": 0.15844417573559055,
    "formaalsus_kaalud_sujuv": 0.18879699248120307,
    "spontaansus_ilma": 0.02824858757062143,
    "spontaansus_kaalud": 0.0426754385964912,
    "spontaansus_kaalud_sujuv": 0.0018893387314439791
}