{
    "formaalsus_ilma": 0.3717948717948718,
    "formaalsus_kaalud": 0.28511084240225715,
    "formaalsus_kaalud_sujuv": 0.31546365914786967,
    "spontaansus_ilma": 0.6615819209039548,
    "spontaansus_kaalud": 0.5906578947368423,
    "spontaansus_kaalud_sujuv": 0.6314439946018895
}