{
    "formaalsus_ilma": 0.23179487179487174,
    "formaalsus_kaalud": 0.14511084240225713,
    "formaalsus_kaalud_sujuv": 0.17546365914786966,
    "spontaansus_ilma": 0.02824858757062143,
    "spontaansus_kaalud": 0.0426754385964912,
    "spontaansus_kaalud_sujuv": 0.0018893387314439791
}