{
    "formaalsus_ilma": 0.09512820512820508,
    "formaalsus_kaalud": 0.008444175735590476,
    "formaalsus_kaalud_sujuv": 0.038796992481202996,
    "spontaansus_ilma": 0.028418079096045157,
    "spontaansus_kaalud": 0.09934210526315779,
    "spontaansus_kaalud_sujuv": 0.05855600539811057
}