{
    "formaalsus_ilma": 0.021794871794871717,
    "formaalsus_kaalud": 0.06488915759774289,
    "formaalsus_kaalud_sujuv": 0.034536340852130365,
    "spontaansus_ilma": 0.3050847457627119,
    "spontaansus_kaalud": 0.3760087719298245,
    "spontaansus_kaalud_sujuv": 0.3352226720647773
}