{
    "formaalsus_ilma": 0.08512820512820501,
    "formaalsus_kaalud": 0.0015558242644095888,
    "formaalsus_kaalud_sujuv": 0.028796992481202932,
    "spontaansus_ilma": 0.055084745762711884,
    "spontaansus_kaalud": 0.12600877192982451,
    "spontaansus_kaalud_sujuv": 0.0852226720647773
}