{
    "formaalsus_ilma": 0.42820512820512835,
    "formaalsus_kaalud": 0.514889157597743,
    "formaalsus_kaalud_sujuv": 0.48453634085213043,
    "spontaansus_ilma": 0.13841807909604523,
    "spontaansus_kaalud": 0.20934210526315786,
    "spontaansus_kaalud_sujuv": 0.16855600539811064
}