{
    "formaalsus_ilma": 0.22512820512820514,
    "formaalsus_kaalud": 0.13844417573559054,
    "formaalsus_kaalud_sujuv": 0.16879699248120306,
    "spontaansus_ilma": 0.3050847457627119,
    "spontaansus_kaalud": 0.3760087719298245,
    "spontaansus_kaalud_sujuv": 0.3352226720647773
}