{
    "formaalsus_ilma": 0.46153846153846156,
    "formaalsus_kaalud": 0.5482224909310762,
    "formaalsus_kaalud_sujuv": 0.5178696741854636,
    "spontaansus_ilma": 0.055084745762711884,
    "spontaansus_kaalud": 0.12600877192982451,
    "spontaansus_kaalud_sujuv": 0.0852226720647773
}