{
    "formaalsus_ilma": 0.3717948717948718,
    "formaalsus_kaalud": 0.28511084240225715,
    "formaalsus_kaalud_sujuv": 0.31546365914786967,
    "spontaansus_ilma": 0.19491525423728812,
    "spontaansus_kaalud": 0.12399122807017549,
    "spontaansus_kaalud_sujuv": 0.1647773279352227
}