{
    "formaalsus_ilma": 0.08820512820512816,
    "formaalsus_kaalud": 0.17488915759774276,
    "formaalsus_kaalud_sujuv": 0.14453634085213024,
    "spontaansus_ilma": 0.02824858757062143,
    "spontaansus_kaalud": 0.0426754385964912,
    "spontaansus_kaalud_sujuv": 0.0018893387314439791
}