{
    "formaalsus_ilma": 0.23846153846153845,
    "formaalsus_kaalud": 0.15177750906892384,
    "formaalsus_kaalud_sujuv": 0.18213032581453636,
    "spontaansus_ilma": 0.02824858757062143,
    "spontaansus_kaalud": 0.0426754385964912,
    "spontaansus_kaalud_sujuv": 0.0018893387314439791
}