{
    "formaalsus_ilma": 0.3717948717948718,
    "formaalsus_kaalud": 0.28511084240225715,
    "formaalsus_kaalud_sujuv": 0.31546365914786967,
    "spontaansus_ilma": 0.36158192090395475,
    "spontaansus_kaalud": 0.2906578947368421,
    "spontaansus_kaalud_sujuv": 0.33144399460188934
}