{
    "formaalsus_ilma": 0.038461538461538436,
    "formaalsus_kaalud": 0.04822249093107617,
    "formaalsus_kaalud_sujuv": 0.017869674185463646,
    "spontaansus_ilma": 0.13841807909604523,
    "spontaansus_kaalud": 0.20934210526315786,
    "spontaansus_kaalud_sujuv": 0.16855600539811064
}