{
    "formaalsus_ilma": 0.07179487179487182,
    "formaalsus_kaalud": 0.014889157597742786,
    "formaalsus_kaalud_sujuv": 0.015463659147869735,
    "spontaansus_ilma": 0.36158192090395475,
    "spontaansus_kaalud": 0.2906578947368421,
    "spontaansus_kaalud_sujuv": 0.33144399460188934
}