{
    "formaalsus_ilma": 0.2617948717948717,
    "formaalsus_kaalud": 0.1751108424022571,
    "formaalsus_kaalud_sujuv": 0.20546365914786963,
    "spontaansus_ilma": 0.04824858757062139,
    "spontaansus_kaalud": 0.022675438596491237,
    "spontaansus_kaalud_sujuv": 0.018110661268555983
}