{
    "formaalsus_ilma": 0.3948717948717948,
    "formaalsus_kaalud": 0.4815558242644094,
    "formaalsus_kaalud_sujuv": 0.4512030075187969,
    "spontaansus_ilma": 0.2782485875706215,
    "spontaansus_kaalud": 0.20732456140350886,
    "spontaansus_kaalud_sujuv": 0.24811066126855608
}