{
    "formaalsus_ilma": 0.2617948717948717,
    "formaalsus_kaalud": 0.1751108424022571,
    "formaalsus_kaalud_sujuv": 0.20546365914786963,
    "spontaansus_ilma": 0.055084745762711884,
    "spontaansus_kaalud": 0.12600877192982451,
    "spontaansus_kaalud_sujuv": 0.0852226720647773
}