{
    "formaalsus_ilma": 0.3615384615384616,
    "formaalsus_kaalud": 0.4482224909310762,
    "formaalsus_kaalud_sujuv": 0.41786967418546367,
    "spontaansus_ilma": 0.0515819209039548,
    "spontaansus_kaalud": 0.019342105263157827,
    "spontaansus_kaalud_sujuv": 0.021443994601889393
}