{
    "formaalsus_ilma": 0.044871794871794934,
    "formaalsus_kaalud": 0.13155582426440954,
    "formaalsus_kaalud_sujuv": 0.10120300751879702,
    "spontaansus_ilma": 0.02824858757062143,
    "spontaansus_kaalud": 0.0426754385964912,
    "spontaansus_kaalud_sujuv": 0.0018893387314439791
}