{
    "formaalsus_ilma": 0.2717948717948718,
    "formaalsus_kaalud": 0.18511084240225717,
    "formaalsus_kaalud_sujuv": 0.2154636591478697,
    "spontaansus_ilma": 0.4615819209039547,
    "spontaansus_kaalud": 0.3906578947368421,
    "spontaansus_kaalud_sujuv": 0.4314439946018893
}