{
    "formaalsus_ilma": 0.31512820512820505,
    "formaalsus_kaalud": 0.22844417573559048,
    "formaalsus_kaalud_sujuv": 0.258796992481203,
    "spontaansus_ilma": 0.011751412429378605,
    "spontaansus_kaalud": 0.08267543859649124,
    "spontaansus_kaalud_sujuv": 0.041889338731444015
}