{
    "formaalsus_ilma": 0.3717948717948718,
    "formaalsus_kaalud": 0.28511084240225715,
    "formaalsus_kaalud_sujuv": 0.31546365914786967,
    "spontaansus_ilma": 0.6949152542372881,
    "spontaansus_kaalud": 0.6239912280701755,
    "spontaansus_kaalud_sujuv": 0.6647773279352227
}