{
    "formaalsus_ilma": 0.09512820512820508,
    "formaalsus_kaalud": 0.008444175735590476,
    "formaalsus_kaalud_sujuv": 0.038796992481202996,
    "spontaansus_ilma": 0.005084745762711895,
    "spontaansus_kaalud": 0.07600877192982453,
    "spontaansus_kaalud_sujuv": 0.035222672064777305
}