{
    "formaalsus_ilma": 0.10512820512820509,
    "formaalsus_kaalud": 0.018444175735590485,
    "formaalsus_kaalud_sujuv": 0.048796992481203005,
    "spontaansus_ilma": 0.028418079096045157,
    "spontaansus_kaalud": 0.09934210526315779,
    "spontaansus_kaalud_sujuv": 0.05855600539811057
}