{
    "formaalsus_ilma": 0.28846153846153844,
    "formaalsus_kaalud": 0.20177750906892383,
    "formaalsus_kaalud_sujuv": 0.23213032581453635,
    "spontaansus_ilma": 0.02824858757062143,
    "spontaansus_kaalud": 0.0426754385964912,
    "spontaansus_kaalud_sujuv": 0.0018893387314439791
}