{
    "formaalsus_ilma": 0.3717948717948718,
    "formaalsus_kaalud": 0.28511084240225715,
    "formaalsus_kaalud_sujuv": 0.31546365914786967,
    "spontaansus_ilma": 0.08491525423728813,
    "spontaansus_kaalud": 0.013991228070175499,
    "spontaansus_kaalud_sujuv": 0.05477732793522272
}