{
    "formaalsus_ilma": 0.5384615384615384,
    "formaalsus_kaalud": 0.45177750906892383,
    "formaalsus_kaalud_sujuv": 0.48213032581453635,
    "spontaansus_ilma": 0.3049152542372881,
    "spontaansus_kaalud": 0.23399122807017547,
    "spontaansus_kaalud_sujuv": 0.2747773279352227
}