{
    "formaalsus_ilma": 0.3717948717948718,
    "formaalsus_kaalud": 0.28511084240225715,
    "formaalsus_kaalud_sujuv": 0.31546365914786967,
    "spontaansus_ilma": 0.24158192090395475,
    "spontaansus_kaalud": 0.17065789473684212,
    "spontaansus_kaalud_sujuv": 0.21144399460188934
}