{
    "formaalsus_ilma": 0.1282051282051282,
    "formaalsus_kaalud": 0.2148891575977428,
    "formaalsus_kaalud_sujuv": 0.18453634085213028,
    "spontaansus_ilma": 0.08491525423728813,
    "spontaansus_kaalud": 0.013991228070175499,
    "spontaansus_kaalud_sujuv": 0.05477732793522272
}