{
    "formaalsus_ilma": 0.06179487179487181,
    "formaalsus_kaalud": 0.024889157597742795,
    "formaalsus_kaalud_sujuv": 0.005463659147869726,
    "spontaansus_ilma": 0.055084745762711884,
    "spontaansus_kaalud": 0.12600877192982451,
    "spontaansus_kaalud_sujuv": 0.0852226720647773
}