{
    "formaalsus_ilma": 0.5384615384615384,
    "formaalsus_kaalud": 0.45177750906892383,
    "formaalsus_kaalud_sujuv": 0.48213032581453635,
    "spontaansus_ilma": 0.09158192090395478,
    "spontaansus_kaalud": 0.020657894736842153,
    "spontaansus_kaalud_sujuv": 0.06144399460188937
}