{
    "formaalsus_ilma": 0.20512820512820512,
    "formaalsus_kaalud": 0.11844417573559052,
    "formaalsus_kaalud_sujuv": 0.14879699248120304,
    "spontaansus_ilma": 0.09491525423728814,
    "spontaansus_kaalud": 0.023991228070175508,
    "spontaansus_kaalud_sujuv": 0.06477732793522273
}