{
    "formaalsus_ilma": 0.16487179487179482,
    "formaalsus_kaalud": 0.2515558242644094,
    "formaalsus_kaalud_sujuv": 0.2212030075187969,
    "spontaansus_ilma": 0.10508474576271187,
    "spontaansus_kaalud": 0.1760087719298245,
    "spontaansus_kaalud_sujuv": 0.13522267206477728
}