{
    "formaalsus_ilma": 0.0015384615384615996,
    "formaalsus_kaalud": 0.0882224909310762,
    "formaalsus_kaalud_sujuv": 0.05786967418546368,
    "spontaansus_ilma": 0.3050847457627119,
    "spontaansus_kaalud": 0.3760087719298245,
    "spontaansus_kaalud_sujuv": 0.3352226720647773
}