{
    "formaalsus_ilma": 0.1482051282051282,
    "formaalsus_kaalud": 0.23488915759774281,
    "formaalsus_kaalud_sujuv": 0.2045363408521303,
    "spontaansus_ilma": 0.055084745762711884,
    "spontaansus_kaalud": 0.12600877192982451,
    "spontaansus_kaalud_sujuv": 0.0852226720647773
}