{
    "formaalsus_ilma": 0.2382051282051283,
    "formaalsus_kaalud": 0.3248891575977429,
    "formaalsus_kaalud_sujuv": 0.2945363408521304,
    "spontaansus_ilma": 0.3050847457627119,
    "spontaansus_kaalud": 0.3760087719298245,
    "spontaansus_kaalud_sujuv": 0.3352226720647773
}