{
    "formaalsus_ilma": 0.17179487179487174,
    "formaalsus_kaalud": 0.08511084240225714,
    "formaalsus_kaalud_sujuv": 0.11546365914786966,
    "spontaansus_ilma": 0.13841807909604523,
    "spontaansus_kaalud": 0.20934210526315786,
    "spontaansus_kaalud_sujuv": 0.16855600539811064
}