{
    "formaalsus_ilma": 0.08846153846153842,
    "formaalsus_kaalud": 0.0017775090689238215,
    "formaalsus_kaalud_sujuv": 0.03213032581453634,
    "spontaansus_ilma": 0.3050847457627119,
    "spontaansus_kaalud": 0.3760087719298245,
    "spontaansus_kaalud_sujuv": 0.3352226720647773
}