{
    "formaalsus_ilma": 0.3717948717948718,
    "formaalsus_kaalud": 0.28511084240225715,
    "formaalsus_kaalud_sujuv": 0.31546365914786967,
    "spontaansus_ilma": 0.1115819209039548,
    "spontaansus_kaalud": 0.04065789473684217,
    "spontaansus_kaalud_sujuv": 0.08144399460188939
}