{
    "formaalsus_ilma": 0.20512820512820512,
    "formaalsus_kaalud": 0.11844417573559052,
    "formaalsus_kaalud_sujuv": 0.14879699248120304,
    "spontaansus_ilma": 0.09158192090395478,
    "spontaansus_kaalud": 0.020657894736842153,
    "spontaansus_kaalud_sujuv": 0.06144399460188937
}