{
    "formaalsus_ilma": 0.09512820512820508,
    "formaalsus_kaalud": 0.008444175735590476,
    "formaalsus_kaalud_sujuv": 0.038796992481202996,
    "spontaansus_ilma": 0.02824858757062143,
    "spontaansus_kaalud": 0.0426754385964912,
    "spontaansus_kaalud_sujuv": 0.0018893387314439791
}