{
    "formaalsus_ilma": 0.12282051282051276,
    "formaalsus_kaalud": 0.14625151148730353,
    "formaalsus_kaalud_sujuv": 0.1511278195488721,
    "spontaansus_ilma": 0.0785310734463277,
    "spontaansus_kaalud": 0.006293859649122768,
    "spontaansus_kaalud_sujuv": 0.013792172739541197
}