{
    "formaalsus_ilma": 0.29487179487179493,
    "formaalsus_kaalud": 0.2815800080612656,
    "formaalsus_kaalud_sujuv": 0.2895238095238095,
    "spontaansus_ilma": 0.056327683615819274,
    "spontaansus_kaalud": 0.012236842105263268,
    "spontaansus_kaalud_sujuv": 0.020067476383265948
}