{
    "formaalsus_ilma": 0.39666666666666667,
    "formaalsus_kaalud": 0.43155582426440947,
    "formaalsus_kaalud_sujuv": 0.4337593984962404,
    "spontaansus_ilma": 0.5324858757062148,
    "spontaansus_kaalud": 0.5833333333333334,
    "spontaansus_kaalud_sujuv": 0.5833333333333334
}