{
    "formaalsus_ilma": 0.17205128205128206,
    "formaalsus_kaalud": 0.21128174123337373,
    "formaalsus_kaalud_sujuv": 0.21175438596491225,
    "spontaansus_ilma": 0.053672316384180796,
    "spontaansus_kaalud": 0.09923245614035087,
    "spontaansus_kaalud_sujuv": 0.034885290148448045
}