{
    "formaalsus_ilma": 0.3446153846153846,
    "formaalsus_kaalud": 0.3879242241031841,
    "formaalsus_kaalud_sujuv": 0.38899749373433584,
    "spontaansus_ilma": 0.2485875706214689,
    "spontaansus_kaalud": 0.3333333333333333,
    "spontaansus_kaalud_sujuv": 0.29936572199730094
}