{
    "formaalsus_ilma": 0.3317948717948718,
    "formaalsus_kaalud": 0.38030632809351067,
    "formaalsus_kaalud_sujuv": 0.3796741854636592,
    "spontaansus_ilma": 0.23163841807909602,
    "spontaansus_kaalud": 0.31495614035087716,
    "spontaansus_kaalud_sujuv": 0.2798515519568151
}