{
    "formaalsus_ilma": 0.13564102564102562,
    "formaalsus_kaalud": 0.15011285771866187,
    "formaalsus_kaalud_sujuv": 0.15325814536340845,
    "spontaansus_ilma": 0.09237288135593213,
    "spontaansus_kaalud": 0.082061403508772,
    "spontaansus_kaalud_sujuv": 0.03214574898785438
}