{
    "formaalsus_ilma": 0.12282051282051279,
    "formaalsus_kaalud": 0.14249496170898832,
    "formaalsus_kaalud_sujuv": 0.14393483709273183,
    "spontaansus_ilma": 0.07542372881355924,
    "spontaansus_kaalud": 0.10186403508771935,
    "spontaansus_kaalud_sujuv": 0.05165991902834022
}