{
    "formaalsus_ilma": 0.14102564102564105,
    "formaalsus_kaalud": 0.12004433696090286,
    "formaalsus_kaalud_sujuv": 0.12486215538847115,
    "spontaansus_ilma": 0.38983050847457623,
    "spontaansus_kaalud": 0.09355263157894755,
    "spontaansus_kaalud_sujuv": 0.18052631578947365
}