{
    "formaalsus_ilma": 0.21897435897435896,
    "formaalsus_kaalud": 0.1798145908907698,
    "formaalsus_kaalud_sujuv": 0.19739348370927318,
    "spontaansus_ilma": 0.027683615819209084,
    "spontaansus_kaalud": 0.12120614035087718,
    "spontaansus_kaalud_sujuv": 0.07936572199730096
}