{
    "formaalsus_ilma": 0.23179487179487174,
    "formaalsus_kaalud": 0.18743248690044334,
    "formaalsus_kaalud_sujuv": 0.2067167919799498,
    "spontaansus_ilma": 0.044632768361581976,
    "spontaansus_kaalud": 0.10140350877192977,
    "spontaansus_kaalud_sujuv": 0.05985155195681513
}