{
    "formaalsus_ilma": 0.2923076923076924,
    "formaalsus_kaalud": 0.28475614671503435,
    "formaalsus_kaalud_sujuv": 0.2991478696741855,
    "spontaansus_ilma": 0.34576271186440677,
    "spontaansus_kaalud": 0.2512061403508771,
    "spontaansus_kaalud_sujuv": 0.27493927125506074
}