{
    "formaalsus_ilma": 0.0015384615384615996,
    "formaalsus_kaalud": 0.012099959693671836,
    "formaalsus_kaalud_sujuv": 0.008922305764410943,
    "spontaansus_ilma": 0.13011299435028245,
    "spontaansus_kaalud": 0.2671929824561403,
    "spontaansus_kaalud_sujuv": 0.23329284750337376
}