{
    "formaalsus_ilma": 0.3923076923076923,
    "formaalsus_kaalud": 0.3535429262394196,
    "formaalsus_kaalud_sujuv": 0.37604010025062656,
    "spontaansus_ilma": 0.23163841807909602,
    "spontaansus_kaalud": 0.22032894736842107,
    "spontaansus_kaalud_sujuv": 0.21989203778677463
}