{
    "formaalsus_ilma": 0.22897435897435892,
    "formaalsus_kaalud": 0.2083917775090689,
    "formaalsus_kaalud_sujuv": 0.22852130325814535,
    "spontaansus_ilma": 0.11864406779661017,
    "spontaansus_kaalud": 0.08278508771929827,
    "spontaansus_kaalud_sujuv": 0.10133603238866397
}