{
    "formaalsus_ilma": 0.14102564102564105,
    "formaalsus_kaalud": 0.08866586054010481,
    "formaalsus_kaalud_sujuv": 0.10566416040100249,
    "spontaansus_ilma": 0.17796610169491528,
    "spontaansus_kaalud": 0.03304824561403508,
    "spontaansus_kaalud_sujuv": 0.0346963562753036
}