{
    "formaalsus_ilma": 0.16666666666666666,
    "formaalsus_kaalud": 0.14057638049173724,
    "formaalsus_kaalud_sujuv": 0.1513032581453634,
    "spontaansus_ilma": 0.1254237288135593,
    "spontaansus_kaalud": 0.12984649122807035,
    "spontaansus_kaalud_sujuv": 0.055748987854250975
}