{
    "formaalsus_ilma": 0.21153846153846156,
    "formaalsus_kaalud": 0.21842805320435305,
    "formaalsus_kaalud_sujuv": 0.22508771929824561,
    "spontaansus_ilma": 0.062146892655367214,
    "spontaansus_kaalud": 0.029802631578947414,
    "spontaansus_kaalud_sujuv": 0.006423751686909618
}