{
    "formaalsus_ilma": 0.008205128205128143,
    "formaalsus_kaalud": 0.06773075372833531,
    "formaalsus_kaalud_sujuv": 0.05969924812030064,
    "spontaansus_ilma": 0.2935593220338983,
    "spontaansus_kaalud": 0.2894078947368421,
    "spontaansus_kaalud_sujuv": 0.28445344129554656
}