{
    "formaalsus_ilma": 0.3717948717948718,
    "formaalsus_kaalud": 0.25053204353083436,
    "formaalsus_kaalud_sujuv": 0.28328320802005014,
    "spontaansus_ilma": 0.027062146892655348,
    "spontaansus_kaalud": 0.33414473684210527,
    "spontaansus_kaalud_sujuv": 0.2368960863697706
}