{
    "formaalsus_ilma": 0.10128205128205131,
    "formaalsus_kaalud": 0.12307134220072552,
    "formaalsus_kaalud_sujuv": 0.12062656641604014,
    "spontaansus_ilma": 0.08757062146892655,
    "spontaansus_kaalud": 0.05217105263157895,
    "spontaansus_kaalud_sujuv": 0.07985155195681512
}