{
    "formaalsus_ilma": 0.48717948717948717,
    "formaalsus_kaalud": 0.5669528415961306,
    "formaalsus_kaalud_sujuv": 0.555062656641604,
    "spontaansus_ilma": 0.5598870056497176,
    "spontaansus_kaalud": 0.41614035087719303,
    "spontaansus_kaalud_sujuv": 0.45646423751686915
}