{
    "formaalsus_ilma": 0.475897435897436,
    "formaalsus_kaalud": 0.4675493752519146,
    "formaalsus_kaalud_sujuv": 0.4880200501253133,
    "spontaansus_ilma": 0.18079096045197737,
    "spontaansus_kaalud": 0.19625,
    "spontaansus_kaalud_sujuv": 0.18074224021592442
}