{
    "formaalsus_ilma": 0.4230769230769231,
    "formaalsus_kaalud": 0.40723095525997577,
    "formaalsus_kaalud_sujuv": 0.411704260651629,
    "spontaansus_ilma": 0.4412429378531074,
    "spontaansus_kaalud": 0.1740789473684211,
    "spontaansus_kaalud_sujuv": 0.2475168690958166
}