{
    "formaalsus_ilma": 0.41025641025641024,
    "formaalsus_kaalud": 0.3996130592503023,
    "formaalsus_kaalud_sujuv": 0.4023809523809524,
    "spontaansus_ilma": 0.4242937853107346,
    "spontaansus_kaalud": 0.15427631578947387,
    "spontaansus_kaalud_sujuv": 0.22800269905533077
}