{
    "formaalsus_ilma": 0.034871794871794815,
    "formaalsus_kaalud": 0.01942361950826277,
    "formaalsus_kaalud_sujuv": 0.03390977443609022,
    "spontaansus_ilma": 0.2542372881355932,
    "spontaansus_kaalud": 0.29817982456140346,
    "spontaansus_kaalud_sujuv": 0.29554655870445345
}