{
    "formaalsus_ilma": 0.2666666666666666,
    "formaalsus_kaalud": 0.3595042321644498,
    "formaalsus_kaalud_sujuv": 0.350375939849624,
    "spontaansus_ilma": 0.06779661016949153,
    "spontaansus_kaalud": 0.0,
    "spontaansus_kaalud_sujuv": 0.0
}