{
    "formaalsus_ilma": 0.17307692307692302,
    "formaalsus_kaalud": 0.19395808141878268,
    "formaalsus_kaalud_sujuv": 0.20150375939849619,
    "spontaansus_ilma": 0.06779661016949153,
    "spontaansus_kaalud": 0.0,
    "spontaansus_kaalud_sujuv": 0.004008097165991882
}