{
    "formaalsus_ilma": 0.28923076923076924,
    "formaalsus_kaalud": 0.38811769447803307,
    "formaalsus_kaalud_sujuv": 0.3735087719298246,
    "spontaansus_ilma": 0.11864406779661017,
    "spontaansus_kaalud": 0.01497807017543856,
    "spontaansus_kaalud_sujuv": 0.06149797570850202
}