{
    "formaalsus_ilma": 0.12820512820512825,
    "formaalsus_kaalud": 0.18762192664248284,
    "formaalsus_kaalud_sujuv": 0.18072681704260646,
    "spontaansus_ilma": 0.09491525423728814,
    "spontaansus_kaalud": 0.06436403508771937,
    "spontaansus_kaalud_sujuv": 0.06161943319838059
}