{
    "formaalsus_ilma": 0.47435897435897434,
    "formaalsus_kaalud": 0.559334945586457,
    "formaalsus_kaalud_sujuv": 0.5457393483709273,
    "spontaansus_ilma": 0.5429378531073448,
    "spontaansus_kaalud": 0.39633771929824557,
    "spontaansus_kaalud_sujuv": 0.4369500674763833
}