{
    "formaalsus_ilma": 0.11410256410256409,
    "formaalsus_kaalud": 0.13068923821039907,
    "formaalsus_kaalud_sujuv": 0.12994987468671676,
    "spontaansus_ilma": 0.07062146892655369,
    "spontaansus_kaalud": 0.032368421052631574,
    "spontaansus_kaalud_sujuv": 0.060337381916329286
}