{
    "formaalsus_ilma": 0.28743589743589737,
    "formaalsus_kaalud": 0.2228093510681176,
    "formaalsus_kaalud_sujuv": 0.24448621553884708,
    "spontaansus_ilma": 0.011468926553672265,
    "spontaansus_kaalud": 0.07563596491228058,
    "spontaansus_kaalud_sujuv": 0.06487179487179479
}