{
    "formaalsus_ilma": 0.2205128205128205,
    "formaalsus_kaalud": 0.27288996372430474,
    "formaalsus_kaalud_sujuv": 0.27320802005012523,
    "spontaansus_ilma": 0.13163841807909601,
    "spontaansus_kaalud": 0.2333333333333333,
    "spontaansus_kaalud_sujuv": 0.20572199730094468
}