{
    "formaalsus_ilma": 0.13384615384615384,
    "formaalsus_kaalud": 0.2106126561870213,
    "formaalsus_kaalud_sujuv": 0.20847117794486214,
    "spontaansus_ilma": 0.25,
    "spontaansus_kaalud": 0.25,
    "spontaansus_kaalud_sujuv": 0.25
}