{
    "formaalsus_ilma": 0.23717948717948717,
    "formaalsus_kaalud": 0.20590084643288992,
    "formaalsus_kaalud_sujuv": 0.21716791979949868,
    "spontaansus_ilma": 0.07299435028248583,
    "spontaansus_kaalud": 0.03717105263157894,
    "spontaansus_kaalud_sujuv": 0.04191632928475025
}