{
    "formaalsus_ilma": 0.2205128205128205,
    "formaalsus_kaalud": 0.22871019750100763,
    "formaalsus_kaalud_sujuv": 0.2410526315789473,
    "spontaansus_ilma": 0.10717514124293792,
    "spontaansus_kaalud": 0.1151096491228071,
    "spontaansus_kaalud_sujuv": 0.1036707152496627
}