{
    "formaalsus_ilma": 0.15384615384615388,
    "formaalsus_kaalud": 0.14947601773478433,
    "formaalsus_kaalud_sujuv": 0.15203007518796993,
    "spontaansus_ilma": 0.059265536723163814,
    "spontaansus_kaalud": 0.19686403508771944,
    "spontaansus_kaalud_sujuv": 0.12848852901484487
}